62 80 80 62 80 80 62 80 80 62 80 80 62 80 80 62 80 80 62 80 80 62 80 80 62 80 80 62 80 80 62 80 80 62 80 80 62 80 80 62 80 80 62 80 80 62 80 80 62 80 80 62 80 80 62 80 80 62 80 80 62 80 80 62 80 80 62 80 80 62 80 80 62 80 80 62 80 80 62 80 80 62 80 80 62 80 80 62 80 80 62 80 80 62 80 80 62 80 80 62 80 80 62 80 80 62 80 80 62 80 80 62 80 80 62 80 80 62 80 80 62 80 80 62 80 80 62 80 80 62 80 80 62 80 80 62 80 80 62 80 80 62 80 80 62 80 80 62 80 80
80 80 80 80 80 80 80 80 80 80 80 80 80 80 80 80 80 80 80 80 80 80 80 80 80 80 80 80 80 80 80 80 80 80 80 80 80 80 80 80 80 80 80 80 80 80 80 80 80 80 80 80 80 80 80 80 80 80 80 80 80 80 80 80 80 80 80 80 80 80 80 80 80 80 80 80 80 80 80 80 80 80 80 80 80 80 80 80 80 80 80 80 80 80 80 80 80 80 80 80 80 80 80 80 80 80 80 80 80 80 80 80 80 80 80 80 80 80 80 80 80 80 80 80 80 80 80 80 80 80 80 80 80 80 80 80 80 80 80 80 80 80 80 80 80 80 80 80 80 80
80 80 80 80 80 80 80 80 80 80 80 80 80 80 80 80 80 80 80 80 80 80 80 80 80 80 80 80 80 80 80 80 80 80 80 80 80 80 80 80 80 80 80 80 80 80 80 80 80 80 80 80 80 80 80 80 80 80 80 80 80 80 80 80 80 80 80 80 80 80 80 80 80 80 80 80 80 80 80 80 80 80 80 80 80 80 80 80 80 80 80 80 80 80 80 80 80 80 80 80 80 80 80 80 80 80 80 80 80 80 80 80 80 80 80 80 80 80 80 80 80 80 80 80 80 80 80 80 80 80 80 80 80 80 80 80 80 80 80 80 80 80 80 80 80 80 80 80 80 80
80 80 80 80 80 80 80 80 80 80 80 80 80 80 80 80 80 80 80 80 80 80 80 80 80 80 80 80 80 80 80 80 80 80 80 80 80 80 80 80 80 80 80 80 80 80 80 80 80 80 80 80 80 80 80 80 80 80 80 80 80 80 80 80 80 80 80 80 80 80 80 80 80 80 80 80 80 80 80 80 80 80 80 80 80 80 80 80 80 80 80 80 80 80 80 80 80 80 80 80 80 80 80 80 80 80 80 80 80 80 80 80 80 80 80 80 80 80 80 80 80 80 80 80 80 80 80 80 80 80 80 80 80 80 80 80 80 80 80 80 80 80 80 80 80 80 80 80 80 80
80 80 80 80 80 80 80 80 80 80 80 80 80 80 80 80 80 80 80 80 80 80 80 80 80 80 80 80 80 80 80 80 80 80 80 80 80 80 80 80 80 80 80 80 80 80 80 80 80 80 80 80 80 80 80 80 80 80 80 80 80 80 80 80 80 80 80 80 80 80 80 80 80 80 80 80 80 80 80 80 80 80 80 80 80 80 80 80 80 80 80 80 80 80 80 80 80 80 80 80 80 80 80 80 80 80 80 80 80 80 80 80 80 80 80 80 80 80 80 80 80 80 80 80 80 80 80 80 80 80 80 80 80 80 80 80 80 80 80 80 80 80 80 80 80 80 80 80 80 80
 7  7  7  7  7  7  7  7  7  7  7  7  7  7  7  7  7  7  7  7  7  7  7  7  7  7  7  7  7  7  7  7  7  7  7  7  7  7  7  7  7  7  7  7  7  7  7  7  7  7  7  7  7  7  7  7  7  7  7  7  7  7  7  7  7  7  7  7  7  7  7  7  7  7  7  7  7  7  7  7  7  7  7  7  7  7  7  7  7  7  7  7  7  7  7  7  7  7  7  7  7  7  7  7  7  7  7  7  7  7  7  7  7  7  7  7  7  7  7  7  7  7  7  7  7  7  7  7  7  7  7  7  7  7  7  7  7  7  7  7  7  7  7  7  7  7  7  7  7  7
50 50 50 50 50 50 50 50 50 50 50 50 50 50 50 50 50 50 50 50 50 50 50 50 50 50 50 50 50 50 50 49 49 50 50 50 50 50 50 50 50 50 50 50 50 50 50 50 50 50 50 50 50 50 50 50 50 50 50 50 50 50 50 50 50 50 50 50 50 50 50 50 50 50 50 50 50 50 50 50 50 50 50 50 50 50 50 50 50 50 50 50 50 50 50 50 49 49 50 50 50 50 50 50 50 50 50 50 49 49 50 50 50 50 50 50 50 50 50 50 50 50 50 50 50 50 50 50 50 50 50 50 50 50 50 50 50 50 50 50 50 50 50 50 50 50 50 50 50 50
50 50 50 14 14 50 50 50 14 14 50 50 50 14 14 50 50 50 14 14 50 50 50 14 14 50 50 50 14 14 50 49 49 50 14 14 50 50 14 14 50 50 50 14 14 50 50 50 14 14 50 50 50 14 14 50 50 50 14 14 50 50 50 14 14 50 50 50 14 14 50 50 50 14 14 50 50 50 14 14 50 50 50 14 14 50 50 50 14 14 50 50 50 14 14 50 49 49 50 50 50 50 50 50 50 50 50 50 49 49 50 14 14 50 50 50 14 14 50 50 50 14 14 50 50 50 14 14 50 50 50 14 14 50 50 50 14 14 50 50 50 14 14 50 50 50 14 14 50 50
50 50 50 50 50 50 50 50 50 50 50 50 50 50 50 50 50 50 50 50 50 50 50 50 50 50 50 50 50 50 50 49 49 50 50 50 50 50 50 50 50 50 50 50 50 50 50 50 50 50 50 50 50 50 50 50 50 50 50 50 50 50 50 50 50 50 50 50 50 50 50 50 50 50 50 50 50 50 50 50 50 50 50 50 50 50 50 50 50 50 50 50 50 50 50 50 49 49 50 50 50 50 50 50 50 50 50 50 49 49 50 50 50 50 50 50 50 50 50 50 50 50 50 50 50 50 50 50 50 50 50 50 50 50 50 50 50 50 50 50 50 50 50 50 50 50 50 50 50 50
50 50 50 50 50 50 50 50 50 50 50 50 50 50 50 50 50 50 50 50 50 50 50 50 50 50 50 50 50 50 50 49 49 50 50 50 50 50 50 50 50 50 50 50 50 50 50 50 50 50 50 50 50 50 50 50 50 50 50 50 50 50 50 50 50 50 50 50 50 50 50 50 50 50 50 50 50 50 50 50 50 50 50 50 50 50 50 50 50 50 50 50 50 50 50 50 49 49 50 50 50 50 50 50 50 50 50 50 49 49 50 50 50 50 50 50 50 50 50 50 50 50 50 50 50 50 50 50 50 50 50 50 50 50 50 50 50 50 50 50 50 50 50 50 50 50 50 50 50 50
50 50 50 50 50 50 50 50 50 50 50 50 50 50 50 50 50 50 50 50 50 50 50 50 50 50 50 50 50 50 50 49 49 50 50 50 50 50 50 50 50 50 50 50 50 50 50 50 50 50 50 50 50 50 50 50 50 50 50 50 50 50 50 50 50 50 50 50 50 50 50 50 50 50 50 50 50 50 50 50 50 50 50 50 50 50 50 50 50 50 50 50 50 50 50 50 49 49 50 50 50 50 50 50 50 50 50 50 49 49 50 50 50 50 50 50 50 50 50 50 50 50 50 50 50 50 50 50 50 50 50 50 50 50 50 50 50 50 50 50 50 50 50 50 50 50 50 50 50 50
50 50 50 14 14 50 50 50 14 14 50 50 50 14 14 50 50 50 14 14 50 50 50 14 14 50 50 50 14 14 50 49 49 50 14 14 50 50 14 14 50 50 50 14 14 50 50 50 14 14 50 50 50 14 14 50 50 50 14 14 50 50 50 14 14 50 50 50 14 14 50 50 50 14 14 50 50 50 14 14 50 50 50 14 14 50 50 50 14 14 50 50 50 14 14 50 49 49 50 50 50 50 50 50 50 50 50 50 49 49 50 14 14 50 50 50 14 14 50 50 50 14 14 50 50 50 14 14 50 50 50 14 14 50 50 50 14 14 50 50 50 14 14 50 50 50 14 14 50 50
50 50 50 50 50 50 50 50 50 50 50 50 50 50 50 50 50 50 50 50 50 50 50 50 50 50 50 50 50 50 50 49 49 50 50 50 50 50 50 50 50 50 50 50 50 50 50 50 50 50 50 50 50 50 50 50 50 50 50 50 50 50 50 50 50 50 50 50 50 50 50 50 50 50 50 50 50 50 50 50 50 50 50 50 50 50 50 50 50 50 50 50 50 50 50 50 49 49 50 50 50 50 50 50 50 50 50 50 49 49 50 50 50 50 50 50 50 50 50 50 50 50 50 50 50 50 50 50 50 50 50 50 50 50 50 50 50 50 50 50 50 50 50 50 50 50 50 50 50 50
11 11 11 11 11 11 11 11 11 11 11 11 11 11 11 11 11 11 11 11 11 11 11 11 11 11 11 11 11 11 59 55 55 58 11 11 11 11 11 11 11 11 11 11 11 11 11 11 11 11 11 11 11 11 11 11 11 11 11 11 11 11 11 11 11 11 11 11 11 11 11 11 11  9  9  9  9 11 11 11 11 11 11 11 11 11 11 11 11 11 11 11 11 11 11 11 11 11 11 50 50 50 50 50 50 50 50 13 13 13 13 13 13 13 13 13 13 13 13 13 13 13  0  0  0  0  0  0  0  0  0  0  0  0  0  0  0  0  0  0  0  0  0  0  0  0  0  0  0  0
11 61 70 61 70 61 70 61 70 61 70 61 70 61 70 61 70 61 70 61 70 61 70 61 70 61 70 61 70  0 59 55 55 58  0 61 70 61 70 61 70 61 70 61 70 61 70 61 70 61 70 61 70 61 70 61 70 61 70 61 70 61 70 61 70 61 70 61 70 61 70 61 70 61 70 61 70 61 70 61 70 61 70 61 70 61 70 61 70 61 70 61 70 61 70 61 70 11 11  3  3  3  3  3  3  3  3 11 11 11 61 70 61 70 61 70 61 70 61 70 61 70 61 70 61 70 61 70 61 70 61 70 61 70 61 70 61 70 61 70 61 70 61 70 61 70 61 70 61 70
11 70 70 70 70 70 70 70 70 70 70 70 70 70 70 70 70 70 70 70 70 70 70 70 70 70 70 70 70  0 59 55 55 58  0 70 70 70 70 70 70 70 70 70 70 70 70 70 70 70 70 70 70 70 70 70 70 70 70 70 70 70 70 70 70 70 70 70 70 70 70 70 70 70 70 70 70 70 70 70 70 70 70 70 70 70 70 70 70 70 70 70 70 70 70 70 70 11 11  3  3  3  3  3  3  3  3 11 11 11 70 70 70 70 70 70 70 70 70 70 70 70 70 70 70 70 70 70 70 70 70 70 70 70 70 70 70 70 70 70 70 70 70 70 70 70 70 70 70 70
11 70 70 70 70 70 70 70 70 70 70 70 70 70 70 70 70 70 70 70 70 70 70 70 70 70 70 70 70  0 59 55 55 58  0 70 70 70 70 70 70 70 70 70 70 70 70 70 70 70 70 70 70 70 70 70 70 70 70 70 70 70 70 70 70 70 70 70 70 70 70 70 70 70 70 70 70 70 70 70 70 70 70 70 70 70 70 70 70 70 70 70 70 70 70 70 70 11 11 50 50 50 50 50 50 50 50 11 11 11 70 70 70 70 70 70 70 70 70 70 70 70 70 70 70 70 70 70 70 70 70 70 70 70 70 70 70 70 70 70 70 70 70 70 70 70 70 70 70 70
56 56 56 56 56 56 56 56 56 56 56 56 56 56 56 56 56 56 56 56 56 56 56 56 56 56 56 56 56 56 56 55 55 57 57 57 57 57 57 57 57 57 57 57 57 57 57 57 57 57 57 57 57 57 57 57 57 57 57 57 57 57 57 57 57 57 57 57 57 57 57 57 57 57 57 57 57 57 57 57 57 57 57 57 57 57 57 57 57 57 57 57 57 57 57 57 57 58 11 50 50 17 50 50 17 50 50 11 59 56 56 56 56 56 56 56 56 56 56 56 56 56 56 56 56 56 56 56 56 56 56 56 56 56 56 56 56 56 56 56 56 56 56 56 56 56 56 56 56 56
11 11 11 90 70 70 70 70 70 70 70 70 70 70 70 11 11 90 70 70 70 70 70 70 70 70 70 70 70  0 59 55 55 58  0 92 70 70 70 70 70 70 70 70 70 70 70 11 11 11  9  9 11 11 11  9  9  9  9  9 95 70 70 70 70 70 70 70 70 70 70 70 70 70 70 70 70 70 70 70 70 70  0  0  0  0  0 11  0 11  0  0  0  0  0 11 11 58 11 50 50 17 50 50 17 50 50 11 59  0 11 11 11 11 11 11 11  0  0  0  0  0  0  0  0  0  0  0  0  0  0  0  0  0 11 90 70 70 70 70 70 70 70 70 70 70 70  0  0  0
11 11 11 70 70 70 70 70 70 70 70 70 70 70 70 11 11 70 70 70 70 70 70 70 70 70 70 70 70  0 59 55 55 58  0 70 70 70 70 70 70 70 70 70 70 70 70 11  0  0  0  0  0  0  0  0  0  0  0 11 70 70 70 70 70 70 70 70 70 70 70 70 70 70 70 70 70 70 70 70 70 70 11 11  0  0 11 11  0 11 11 11  0  0 11 11 11 58 11 50 50 50 50 50 50 50 50 11 59  0 62 70 70  0  0  0 13 42  4  4  4  4  4  4  4  4  4 44 13  0  0  0  0  0 11 70 70 70 70 70 70 70 70 70 70 70 70 62 70 70
62 70 70 70 70 70 70 70 70 70 70 70 70 70 70 13 13 70 70 70 70 70 70 70 70 70 70 70 70  0 59 55 55 58  0 70 70 70 70 70 70 70 70 70 70 70 70 11  0  0  0  0  0  0  0  0  0  0  0 11 70 70 70 70 70 70 70 70 70 70 70 70 70 70 70 70 70 70 70 70 70 70 11 90 70 70 70 70 70 70 70 70 70 70 70 11 11 58 11 50 50 50 50 50 50 50 50 11 59 11 70 70 70  0  0  0 13 31 55 55 55 55 55 55 55 55 55 30 11  0  0  0  0  0 11 70 70 70 70 70 70 70 70 70 70 70 70 70 70 70
70 70 70 70 70 70 70 70 70 70 70 70 70 70 70 11 11 70 70 70 70 70 70 70 70 70 70 70 70  0 59 55 55 58  0 70 70 70 70 70 70 70 70 70 70 70 70 11  0  0  0  0  0  0  0  0  0  0  0 11 70 70 70 70 70 70 70 70 70 70 70 70 70 70 70 70 70 70 70 70 70 70 11 70 70 70 70 70 70 70 70 70 70 70 70 11 11 58 11 50 50 50 50 50 50 50 50 11 59 11 70 70 70  0  0  0 11 31 55 24  5  5  5  5  5 22 55 30 11  0  0  0  0  0 11 70 70 70 70 70 70 70 70 70 70 70 70 70 70 70
70 70 70 70 70 70 70 70 70 70 70 70 70 70 70 11 11 70 70 70 70 70 70 70 70 70 70 70 70  0 59 55 55 58  0 70 70 70 70 70 70 70 70 70 70 70 70 11  0  0  0  0  0  0  0  0  0  0  0  9 70 70 70 70 70 70 70 70 70 70 70 70 70 70 70 70 70 70 70 70 70 70 11 70 70 70 70 70 70 70 70 70 70 70 70 11 11 58 11 50 50 17 50 50 17 50 50 11 59  0 70 70 70  0  0  0 11 31 55 30 93 70 70 70 70 31 55 30 11  0  0  0  0  0 11 70 70 70 70 70 70 70 70 70 70 70 70 70 70 70
70 70 70 70 70 70 70 70 70 70 70 70 70 70 70  0  0 70 70 70 70 70 70 70 70 70 70 70 70  0 59 55 55 58  0 70 70 70 70 70 70 70 70 70 70 70 70 11  0  0  0  0  0  0  0  0  0  0  0 11 70 70 70 70 70 70 70 70 70 70 70 70 70 70 70 70 70 70 70 70 70 70 11 70 70 70 70 70 70 70 70 70 70 70 70 11 11 58 11 50 50 17 50 50 17 50 50 11 59 67 70 70 70  0  0  0 11 31 55 30 70 70 70 70 70 31 55 30 11  0  0  0  0  0 11 70 70 70 70 70 70 70 70 70 70 70 70 70 70 70
70 70 70 70 70 70 70 70 70 70 70 70 70 70 70  0  0 70 70 70 70 70 70 70 70 70 70 70 70  0 59 55 55 58  0 70 70 70 70 70 70 70 70 70 70 70 70 11  0  0  0  0  0  0  0  0  0  0  0 11 70 70 70 70 70 70 70 70 70 70 70 70 70 70 70 70 70 70 70 70 70 70 11 70 70 70 70 70 70 70 70 70 70 70 70 11 11 58 11 50 50 50 50 50 50 50 50 11 59 11 11 11 11  0  0  0 11 31 55 30 70 70 70 70 70 31 55 30 11  0  0  0  0  0 11 70 70 70 70 70 70 70 70 70 70 70 70 62 70 70
62 70 70 70 70 70 70 70 70 70 70 70 70 70 70  0  0 70 70 70 70 70 70 70 70 70 70 70 70  0 59 55 55 58  0 70 70 70 70 70 70 70 70 70 70 70 70  9  0  0  0  0  0  0  0  0  0  0  0 11 70 70 70 70 70 70 70 70 70 70 70 70 70 70 70 70 70 70 70 70 70 70 11 70 70 70 70 70 70 70 70 70 70 70 70 11 11 58 11 50 50 50 50 50 50 50 50 11 59 11 11 11 11  0  0  0 11 31 55 30 70 70 70 70 70 31 55 30 13  0  0  0  0  0 11 70 70 70 70 70 70 70 70 70 70 70 70 70 70 70
70 70 70 11 11 31 55 23  4  4  4  4  4  4  4  4  4  4  4 21 55 23  4  4  4  4  4  4  4  4  4 55 55  4  4  4  4 21 55 23 4  4  4  4  4  4  4  4  4  4  4  4  4  4 44 11 11  9  9 11 70 70 70 70 70 70 70 70 70 70 70 70 70 70 70 70 70 70 70 70 70 70 11 70 70 70 70 70 70 70 70 70 70 70 70 11 11 58 11 50 50 50 50 50 50 50 50 11 59 11 62 70 70  0  0  0 11 31 55 30 70 70 70 70 70 31 55 30 11  0  0  0  0  0  0  0  0 31 55 30 11 11  0  0  0  0  0 70 70 70
70 70 70 11 11 31 55 55 55 55 55 55 55 55 55 55 55 55 55 55 55 55 55 55 55 55 55 55 55 55 55 55 55 55 55 55 55 55 55 55 55 55 55 55 55 55 55 55 55 55 55 55 55 55 30 11 11  9 11 11 11 11 11 11 11 11 11 11 11 11 11 11 11 11 11 11 31 55 30 11 11 11 11 70 70 70 70 70 70 70 70 70 70 70 70 11 11 58 11 50 50 17 50 50 17 50 50 11 59 11 70 70 70  0  0  0 11 31 55 30 70 70 70 70 70 31 55 23  4  4  4  4  4  4  4  4  4 21 55 30 11 11  0  0  0  0  0 70 70 70
70 70 70 11 11 41  5  5  5  5  5  5  5  5 22 55 24  5  5  5  5  5  5  5  5  5  5  5  5  5  5  5  5 22 55 24  5  5  5  5  5  5  5  5  5  5  5  5  5  5  5  5 22 55 30 61 70 11 11 11 11 13 13 13 13 13 13 13 13 13 13 13 13 11 11 11 31 55 30  0  1 11 11 11 11 31 55 30 11  0  0  0  0  0  0 11 11 58 11 50 50 17 50 50 17 50 50 11 59  0 70 70 70  0  0  0 11 31 55 30 70 70 70 70 70 31 55 55 55 55 55 55 55 55 55 55 55 55 55 30 11 11  0  0  0  0  0 70 70 70
70 70 70 11 11 11 11 11 11 11 11 11 11 11 31 55 30  0  0  0  0  0  0  0  0  0  0  0  0  0  0  0  0 31 55 30 67  0  0  0  0  0  0  0  0  0  0 11 11 11 11 11 31 55 30 70 70 11 11 11 11 13 13 13 13 13 13 13 13 13 13 13 13 11 11 11 31 55 30  2  3 11 11 11 11 31 55 30 11  0  0  0  0  0  0 11 11 58 11 50 50 50 50 50 50 50 50 11 59  0 70 70 70  0  0  0 11 31 55 23  4  4  4  4  4 21 55 24  5  5  5  5  5  5  5  5  5  5  5 43 11 11  0  0  0  0  0 62 70 70
62 70 70 98 70 70 70 70 70 70 70 70 70 70 31 55 30  0  0  0  0  0  0  0  0  0  0  0  0  0  0  0  0 31 55 30 98 70 70 70 70 70 70 70 70 70 70 11 11 11 61 70 31 55 30 70 70 11 11 11 11 13 13 13 13 13 13 13 13 13 13 13 13 11  4  5 31 55 30  4  5 11 11 11 11 31 55 30 11  0  0  0  0  0  0 11 11 58 11 50 50 50 50 50 50 50 50 11 59 11 70 70 70  0  0  0 11 31 55 55 55 55 55 55 55 55 55 30 11 11 11 11 11 11 11 11 11 11 11 11 11 11  0  0  0  0  0 70 70 70
70 70 70 70 70 70 70 70 70 70 70 70 70 70 31 55 30  0  0  0  0  0  0  0  0  0  0  0  0  0  0  0  0 31 55 30 70 70 70 70 70 70 70 70 70 70 70 11 11 11 70 70 31 55 23  4  4  4  4  4  4  4  4  4  4  4  4  4  4  4  4  4  4  4  4  4 21 55 23  4  4  4  4  4  4 21 55 30 11  0  0  0  0  0  0 11 11 58 11 50 50 50 50 50 50 50 50 11 59 11 11 11 11  0  0  0 11 41  5  5  5 22 55 24  5  5  5 43 11 11 11 11 11 11 11 11 11 11 11 11 11 11  0  0  0  0  0 70 70 70
70 70 70 70 70 70 70 70 70 70 70 70 70 70 31 55 30  0  0  0  0  0  0  0  0  0  0  0  0  0  0  0  0 31 55 30 70 70 70 70 70 70 70 70 70 70 70 11 11 11 70 70 31 55 55 55 55 55 55 55 55 55 55 55 55 55 55 55 55 55 55 55 55 55 55 55 55 55 55 55 55 55 55 55 55 55 55 30 11  0  0  0  0  0  0  0 11 58 11 50 50 17 50 50 17 50 50 11 59 11 11 11 11 13 11 11 15  0  0  0  0 31 55 30  0 91 70 70 70 70 70 70 70 70 70 70 70 70 70 70 70 70 70 70 70 70 70 70 70 70
70 70 70 70 70 70 70 70 70 70 70 70 70 70 31 55 30  0  0  0  0  0  0  0  0  0  0  0  0  0  0  0  0 31 55 30 70 70 70 70 70 70 70 70 70 70 70 11 11 11 11 11 41  5  5  5  5  5  5  5  5  5  5  5  5  5  5  5  5  5  5  5  5  5  5  5 22 55 24  5  5  5  5  5  5  5  5 43 11  0  0  0  0  0  0 11 11 58 11 50 50 17 50 50 17 50 50 11 59 92 70 70 70 70 70 70 70 70 70 70 70 31 55 30  0 70 70 70 70 70 70 70 70 70 70 70 70 70 70 70 70 70 70 70 70 70 70 70 70 70
70 70 70 70 70 70 70 70 70 70 70 70 70 70 31 55 30  0  0  0  0  0  0  0  0  0  0  0  0  0  0  0  0 31 55 30 70 70 70 70 70 70 70 70 70 70 70  0  0  0  0  0  0  0  0  0  0  0  0  0  9  9  9  9  9  9  9  0  0  0  0  0  0  0 11 11 31 55 30  0  0  0  0 92 70 70 70 70 70 70 70 70 70 70 70 11 11 58 11 50 50 50 50 50 50 50 50 11 59 70 70 70 70 70 70 70 70 70 70 70 70 31 55 30  0 70 70 70 70 70 70 70 70 70 70 70 70 70 70 70 70 70 70 70 70 70 70 62 70 70
62 70 70 70 70 70 70 70 70 70 70 70 70 70 31 55 30  0  0  0  0  0  0  0  0  0  0  0  0  0  0  0  0 31 55 30 70 70 70 70 70 70 70 70 70 70 70  0  0  0  0  0  0  0  0  0  0  0  0  0 11 11 11 11 11 11 11  0  0  0  0  0  0  0 11  0 31 55 30  0  0  0  0 70 70 70 70 70 70 70 70 70 70 70 70  0 11 58 11 50 50 50 50 50 50 50 50 11 59 70 70 70 70 70 70 70 70 70 70 70 70 31 55 30  0 70 70 70 70 70 70 70 70 70 70 70 70 70 70 70 70 70 70 70 70 70 70 70 70 70
70 70 70 70 70 70 70 70 70 70 70 70 70 70 31 55 30  0  0  0  0  0  0  0  0  0  0  0  0  0  0  0  0 31 55 30 70 70 70 70 70 70 70 70 70 70 70  0  0  0  0  0  0  0  0  0  0  0  0  0 11 11 11 11 11 11 11  0  0  0  0  0  0  0 11 11 31 55 30  0  0  0  0 70 70 70 70 70 70 70 70 70 70 70 70  0 11 58 11 50 50 50 50 50 50 50 50 11 59 70 70 70 70 70 70 70 70 70 70 70 70 31 55 30  0 70 70 70 70 70 70 70 70 70 70 70 70 70 70 70 70 70 70 70 70 70 70 70 70 70
70 70 70 70 70 70 70 70 70 70 70 70 70 70 31 55 30  0  0  0  0  0  0  0  0  0  0  0  0  0  0  0  0 31 55 30 70 70 70 70 70 70 70 70 70 70 70  0  0  0  0  0  0  0  0  0  0  0  0  0  9  9 11 11 11 11  9  0  0  0  0  0  0  0 11 11 31 55 30  0  0  0  0 70 70 70 70 70 70 70 70 70 70 70 70  0 11 58 11 50 50 17 50 50 17 50 50 11 59 70 70 70 70 70 70 70 70 70 70 70 70 31 55 30  0 70 70 70 70 70 70 70 70 70 70 70 70 70 70 70 70 70 70 70 70 70 70 70 70 70
70 70 70 70 70 70 70 70 70 70 70 70 70 70 31 55 30  0  0  0  0  0  0  0  0  0  0  0  0  0  0  0  0 31 55 30 70 70 70 70 70 70 70 70 70 70 70  0  0  0  0  0  0  0  0  0  0  0  0  0 11  9 11  9  9  9 11  0  0  0  0  0  0  0 11 11 31 55 30  0  0  0  0 70 70 70 70 70 70 70 70 70 70 70 70  8 11 58 11 50 50 17 50 50 17 50 50 11 59 70 70 70 70 70 70 70 70 70 70 70 70 31 55 30  0 70 70 70 70 70 70 70 70 70 70 70 70 70 70 70 70 70 70 70 70 70 70 70 70 70
70 70 70 70 70 70 70 70 70 70 70 70 70 70 31 55 30  0  0  0  0  0  0  0  0  0  0  0  0  0  0  0  0 31 55 30 70 70 70 70 70 70 70 70 70 70 70  0  0  0  0  0  0  0  0  0  0  0  0  0  9 11  9 11 11  9  9  0  0  0  0  0  0  0 61 70 31 55 30 61 70 11  0 70 70 70 70 70 70 70 70 70 70 70 70  0 11 58 11 50 50 50 50 50 50 50 50 11 59 70 70 70 70 70 70 70 70 70 70 70 70 31 55 30  0 70 70 70 70 70 70 70 70 70 70 70 70 70 70 70 70 70 70 70 70 70 70 62 70 70
62 70 70 70 70 70 70 70 70 70 70 70 70 70 31 55 30  0  0  0  0  0  0  0  0  0  0  0  0  0  0  0  0 31 55 30 70 70 70 70 70 70 70 70 70 70 70  0  0  0  0  0  0  0  0  0  0  0  0  0 11  9 11 11 11 11 11  0  0  0  0  0  0  0 70 70 31 55 30 70 70 11  6 70 70 70 70 70 70 70 70 70 70 70 70 11 11 58 11 50 50 50 50 50 50 50 50  0 59 70 70 70 70 70 70 70 70 70 70 70 70 31 55 30  0 70 70 70 70 70 70 70 70 70 70 70 70 70 70 70 70 70 70 70 70 70 70 70 70 70
70 70 70 70 70 70 70 70 70 70 70 70 70 70 31 55 30 11 11 11 11 11 11 11 11 11 11 11 11 11 11 11 11 31 55 30 70 70 70 70 70 70 70 70 70 70 70  0  0 11 11 11 11 13 13 11 11 11  9  9  9 11 11 11 11 11 11 11  9 11 11 11  9 11 70 70 31 55 30 70 70 11  6 70 70 70 70 70 70 70 70 70 70 70 70 11 11 58 11 50 50 50 50 50 50 50 50  0 59  0  0  0 31  0 30  0  0  0  0  0  0 31 55 30  0  0  0  0 31 55 30 13 13 13 13 13 13 13 13 13 13  0  0  0  0  0 11 70 70 70
70 70 70 70 70 70 70 70 70 70 70 70 70 70 31 55 30 11 11 11 11 11 11 11 11 11 11 11 11 11 11 11 11 31 55 30 70 70 70 70 70 70 70 70 70 70 70 11 42  4  4  4  4  4  4  4  4  4  4  4  4  4  4  4  4  4  4  4  4  4  4  4  4  4  4  4 21 55 23  4  4  4  4  4  4  4  4  4  4  4  4  4  4  4  4  4  4  4  4  3  3  3  3  3  3  3  3  4  4  4  4  4 21  0 23  4  4  4  4  4  4 21 55 23  4  4  4  4 21 55 30 13 13 13 13 13 13 13 13 13 13  0  0  0  0  0 11 70 70 70
70 70 70 70 70 70 70 70 70 70 70 70 70 70 31 55 30 11 11 11 11 11 11 11 11 11 11 11 11 11 11 11 11 31 55 30 70 70 70 70 70 70 70 70 70 70 70 11 31 55 55 55 55 55 55 55 55 55 55 55 55 55 55 55 55 55 55 55 55 55 55 55 55 55 55 55 55 55 55 55 55 55 55 55 55 55 55 55 55 55 55 55 55 55 55 55 55 55 55  3  3  3  3  3  3  3  3 55 55 55 55 55 55 55 55 55 55 55 55 55 55 55 55 55 55 55 55 55 55 55 30 13 13 13 13 13 13 13 13 13 13  0  0  0  0  0  6 70 70 70
70 70 70 70 70 70 70 70 70 70 70 70 70 70 31 55 30 11 11 11 11 11 11 11 11 11 11 11 11 11 11 11 11 31 55 30 70 70 70 70 70 70 70 70 70 70 70 11 31 55 24  5  5  5  5  5  5  5  5  5  5  5  5  5  5  5  5  5  5  5  5  5  5  5  5  5 22 55 24  5  5  5  5  5  5  5  5  5  5  5  5  5  5  5  5  5  5  5  5  3  3  3  3  3  3  3  3  5  5  5  5  5 22 55 24  5  5  5  5  5  5  5  5  5  5  5  5  5  5  5 43 13 13 13 13 13 13 13 13 13 13  0  0  0  0  0 11 62 70 70
62 70 70 70 70 70 70 70 70 70 70 70 70 70 31 55 30 11 11 11 11 11 11 11 11 11 11 11 11 11 11 11 11 31 55 30 70 70 70 70 70 70 70 70 70 70 70 11 31 55 30 11 11 11 11 11  9  9  9  9  9  9  9  9  9  9  9  9  9  9  9  9  9 11 11 11 31 55 30 11  0 11 11  6  0 11 11  6  0 11 11 11 11 62 70 70 11 58 11 50 50 50 50 50 50 50 50 11 59 62 70 70 31 55 30  0  0  0  0  0  0  0 11 11 11 13 11 11 13 13 11 13 13 13 13 13 13 13 13 13 13  0  0  0  0  0  6 70 70 70
70 70 70 70 70 70 70 70 70 70 70 70 70 70 31 55 30 11 11 11 11 11 11 11 11 11 11 11 11 11 11 11 11 31 55 30 70 70 70 70 70 70 70 70 70 70 70 11 31 55 30 11  0  0  0  0  0  0  0  0  0  0  0  0  0  0  0  0  0  0  9  9  9 11 11 11 31 55 30 11  0 97 70 70 70 70 70 70 70 70 70 70 11 70 70 70 11 58 11 50 50 17 50 50 17 50 50 11 59 70 70 70 31 55 30  0  0  0  0  0  0  0 11 11 11  0  0  0  0  0  0  0  0  0  0  0  0  0  0  0  0  0  0  0  0  0 11 70 70 70
70 70 70 70 70 70 70 70 70 70 70 70 70 70 31 55 30 11 11 11 11 11 11 11 11 11 11 11 11 11 11 11 11 31 55 30 70 70 70 70 70 70 70 70 70 70 70 11 31 55 30 11  0  0  0  0  0  0  0  0  0  0  0  0  0  0  0  0  0  0 11 11 11 11 11 11 31 55 30 11  0 70 70 70 70 70 70 70 70 70 70 70 11 70 70 70 11 58 11 50 50 17 50 50 17 50 50 11 59 70 70 70 31 55 30  0  0  0  0  0  0  0 11 11 11  0  0  0  0  0  0  0  0  0  0  0  0  0  0  0  0  0  0  0  0  0  6 70 70 70
70 70 70 13 13 31 55 30 13 13 13 13 13 13 31 55 30 11 11 11 11 11 11 11 11 11 11 11 11 11 11 11 11 31 55 23  4  4 21 55 23  4  4  4  4  4  4  4 21 55 30 11  0  0  0  0  0  0  0  0  0  0  0  0  0  0  0  0  0  0 11 11 11 11 11 11 31 55 30 11  0 70 70 70 70 70 70 70 70 70 70 70 11 70 70 70 11 58 11 50 50 50 50 50 50 50 50 11 59 70 70 70 31 55 30  0  0  0  0  0  0  0 11 11 11 94 70 70 70 70 70 70 70 70 70 70 70 70 70 70 70 70 70 70 70 70 70 70 70 70
70 70 70  0  0 31 55 23  4  4  4  4  4  4 21 55 30 11 11 11 11 11 11 11 11 11 11 11 11 11 11 11 11 31 55 55 55 55 55 55 55 55 55 55 55 55 55 55 55 55 30 11  0  0  0  0  0  0  0  0  0  0  0  0  0  0  0  0  0  0 11 11 11 11 11 11 31 55 30 13  0 70 70 70 70 70 70 70 70 70 70 70 11 70 70 70 11 58 11 50 50 50 50 50 50 50 50 11 59 70 70 70 31 55 30  0  0  0  0  0  0  0 11 11 11 70 70 70 70 70 70 70 70 70 70 70 70 70 70 70 70 70 70 70 70 70 70 62 70 70
62 70 70  0  0 31 55 55 55 55 55 55 55 55 55 55 30 11 11 11 11 11 11 11 11 11 11 11 11 11 11 11 11 41  5  5  5  5  5  5  5  5  5  5  5  5  5  5  5  5 43 11  0  0  0  0  0  0  0  0  0  0  0  0  0  0  0  0  0  0 11 11 11 11 11 11 31 55 30 13  0 70 70 70 70 70 70 70 70 70 70 70 11 62 70 70 11 58 11 50 50 50 50 50 50 50 50 11 59 62 70 70 31 55 30  0  0  0  0  0  0  0 11 11 11 70 70 70 70 70 70 70 70 70 70 70 70 70 70 70 70 70 70 70 70 70 70 70 70 70
70 70 70  0  0 41  5  5  5  5  5  5  5  5 22 55 30  0  0  0  0  0  0  0  0  0  0  0  0  0  0  0  0  0  0 62 70 70  0  0  0  0  0  0  0  0  0  0 11 94 70 70 70 70 70 70 70 70 70 70 70 70 70 70 70 70 70 70 70 70 70 11 11 11 11 11 31 55 30 13  0 70 70 70 70 70 70 70 70 70 70 70 11 70 70 70 11 58 11 50 50 17 50 50 17 50 50 11 59 70 70 70 31 55 30  0  0  0  0  0  0  0 11 11 11 70 70 70 70 70 70 70 70 70 70 70 70 70 70 70 70 70 70 70 70 70 70 70 70 70
70 70 70 13 13 13 13 13 13 13 13 13 13 13 31 55 30  0  0  0  0  0  0  0  0  0 67  0  0  0  0  0  0  0  0 70 70 70  0  0  0  0  0  0  0  0  0  0  0 70 70 70 70 70 70 70 70 70 70 70 70 70 70 70 70 70 70 70 70 70 70 11 11 11 11 11 31 55 30 13  0 70 70 70 70 70 70 70 70 70 70 70  0 70 70 70 11 58 11 50 50 17 50 50 17 50 50 11 59 70 70 70 31 55 30  0  0  0  0  0  0  0 11 11 11 70 70 70 70 70 70 70 70 70 70 70 70 70 70 70 70 70 70 70 70 70 70 70 70 70
70 70 70 13 13 13 13 13 13 13 13 13 13 13 31 55 30  0  0  0  0  0  0  0  0  0  0  0  0  0  0  0  0  0  0 70 70 70  0  0  0  0  0  0  0  0  0  0  0 70 70 70 70 70 70 70 70 70 70 70 70 70 70 70 70 70 70 70 70 70 70 11 11 11 11 11 31 55 30 13  0 70 70 70 70 70 70 70 70 70 70 70  0 70 70 70 11 58 11 50 50 50 50 50 50 50 50 11 59 70 70 70 31 55 30  0  0  0  0  0  0  0 11 11 11 70 70 70 70 70 70 70 70 70 70 70 70 70 70 70 70 70 70 70 70 70 70 70 70 70
70 70 70 99 70 70 70 70 70 70 70 70 70 70 31 55 30  0  0  0  0  0  0  0  0  0  0  0  0  0  0  0  0  0  0 70 70 70  0  0  0  0  0  0  0  0  0  0  0 70 70 70 70 70 70 70 70 70 70 70 70 70 70 70 70 70 70 70 70 70 70 11 11 11 11 11 31 55 30 13 11 70 70 70 70 70 70 70 70 70 70 70  0 70 70 70 11 58 11 50 50 50 50 50 50 50 50 11 59 70 70 70 31 55 30  0  0  0  0  0  0  0 11 11 13 70 70 70 70 70 70 70 70 70 70 70 70 70 70 70 70 70 70 70 70 70 70 62 70 70
62 70 70 70 70 70 70 70 70 70 70 70 70 70 31 55 30  0  0  0  0  0  0  0  0  0  0  0  0  0  0  0  0  0  0 70 70 70  0  0  0  0 62 70 70 62 70 70  0 70 70 70 70 70 70 70 70 70 70 70 70 70 70 70 70 70 70 70 70 70 70 11 11 11 11 11 31 55 30 13 11 11 11 31 55 30 11 11 11 11 11 11 11 62 70 70 11 58 11 50 50 50 50 50 50 50 50 11 59 62 70 70 31 55 30  0  0  0  0  0  0  0 11 11 13 70 70 70 70 70 70 70 70 70 70 70 70 70 70 70 70 70 70 70 70 70 70 70 70 70
70 70 70 70 70 70 70 70 70 70 70 70 70 70 31 55 30  0  0  0  0  0  0  0  0  0  0  0  0  0  0  0  0  0  0 62 70 70  0  0  0  0 70 70 70 70 70 70  0 70 70 70 70 70 70 70 70 70 70 70 70 70 70 70 70 70 70 70 70 70 70 11 11 11 11 11 31 55 23  4  4  4  4 21 55 30 11 11 11 11 11 11 11 70 70 70 11 58 11 50 50 17 50 50 17 50 50 11 59 70 70 70 31 55 30  0  0  0  0  0  0  0 11 11 11 70 70 70 70 70 70 70 70 70 70 70 70 70 70 70 70 70 70 70 70 70 70 70 70 70
70 70 70 70 70 70 70 70 70 70 70 70 70 70 31 55 30  0  0  0  0  0  0  0  0  0  0  0  0  0  0  0  0  0  0 70 70 70  0  0  0  0 70 70 70 70 70 70  0 70 70 70 70 70 70 70 70 70 70 70 70 70 70 70 70 70 70 70 70 70 70 11 11 11 11 11 31 55 55 55 55 55 55 55 55 30 11 11 11 11 11 11 11 70 70 70 11 58 11 50 50 17 50 50 17 50 50 11 59 70 70 70 31 55 30  0  0  0  0  0  0  0 11 11 13 13 11 11 11 13 13 11 11 11 13 13 11 11 11 11 11 31 55 30 13 13 13 70 70 70
70 70 70 70 70 70 70 70 70 70 70 70 70 70 31 55 30  0  0  0  0  0  0  0  0  0  0  0  0  0  0  0  0  0  0 70 70 70  0  0  0  0 70 70 70 70 70 70  0 70 70 70 70 70 70 70 70 70 70 70 70 70 70 70 70 70 70 70 70 70 70 11 11 11 61 70 31 55 24  5  5  5  5  5  5 43 11 11 11 11 11 11 11 70 70 70 11 58 11 50 50 50 50 50 50 50 50 11 59 70 70 70 31 55 30  0  0  0  0  0  0  0 11 11 11 11 11 11 11 11 11 11  0  0  0  0  0  0  0  0 11 31 55 30 13 13 13 70 70 70
70 70 70 70 70 70 70 70 70 70 70 70 70 70 31 55 30  0  0  0  0  0  0  0  0  0  0  0  0  0  0  0  0  0  0 70 70 70  0  0  0  0 70 70 70 70 70 70  0 70 70 70 70 70 70 70 70 70 70 70 70 70 70 70 70 70 70 70 70 70 70 11 11 11 70 70 31 55 30 11  0  0  0  0  0  0  0  0  0  0  0  0 11 70 70 70 11 58 11 50 50 50 50 50 50 50 50 11 59 70 70 70 31 55 30  0  0  0  0  0  0  0 11 11 11 11 11 11 11 11 11 11  0  0  0  0  0  0  0  0 11 31 55 30 13 13 13 62 70 70
62 70 70 70 70 70 70 70 70 70 70 70 70 70 31 55 30  0  0  0  0  0  0  0  0  0  0  0  0  0  0  0  0  0  0 70 70 70  0  0  0  0  0  0  0  0  0  0  0  0  0  0  0  0  0  0 11  0 11  0  0  0  0  0 11 31 55 30  9  9  9 11 11 11 70 70 31 55 30 11  0  0  0  0  0  0  0  0  0  0  0  0 11 62 70 70 11 58 11 50 50 50 50 50 50 50 50 11 59 62 70 70 31 55 23  4  4  4  4  4  4  4  4  4  4  4  4  4  4  4  4  4  4  4  4  4  4  4  4  4  4 21 55 30 13 13 13 70 70 70
70 70 70 70 70 70 70 70 70 70 70 70 70 70 31 55 30  0  0  0  0  0  0  0  0  0  0  0  0  0  0  0  0  0  0 62 70 70  0  0  0  0  0  0  0  0  0  0  0  0  0  0  0  0  0  0  0  0  0  0  0  0  0 61 70 31 55 23  4  4  4  4  4  4  4  4 21 55 30 11  0  0  0  0  0  0  0  0  0  0  0  0 11 70 70 70 11 58 11 50 50 17 50 50 17 50 50 11 59 70 70 70 31 55 55 55 55 55 55 55 55 55 55 55 55 55 55 55 55 55 55 55 55 55 55 55 55 55 55 55 55 55 55 30 13 13 13 70 70 70
70 70 70 70 70 70 70 70 70 70 70 70 70 70 31 55 30  0  0  0  0  0  0  0  0  0  0  0  0  0  0  0  0  0  0 70 70 70  0  0  0  0  0  0  0  0  0  0  0  0  0  0  0  0  0  0  0  0  0  0  0  0  0 70 70 31 55 55 55 55 55 55 55 55 55 55 55 55 30 11  0  0  0  0  0  0  0  0  0  0  0  0 11 70 70 70 11 58 11 50 50 17 50 50 17 50 50 11 59 70 70 70 31 55 24  5  5  5  5  5  5  5  5  5  5  5  5  5  5  5  5  5  5  5  5  5  5  5  5  5  5  5  5 43 13 13 13 70 70 70
70 70 70 70 70 70 70 70 70 70 70 70 70 70 31 55 30  0  0  0  0  0  0  0  0  0  0  0  0  0  0  0  0  0  0 70 70 70  0  0  0  0  0  0  0  0  0  0  0  0  0  0  0  0  0  0  0  0  0  0  0  0  0 70 70 31 55 24  5  5  5  5  5  5  5  5  5  5 43 11 11  0  0  0  0  0  0  0  0  0  0  0 11 70 70 70 11 58 11 50 50 50 50 50 50 50 50 11 59 70 70 70 31 55 30 11 11 11 11 11 11 11 11 11 11 11 11 11 11 11 11 11 11 11 11 11 11 11 11 11 11 11 11 11 13 13 13 70 70 70
70 70 70 70 70 70 70 70 70 70 70 70 70 70 31 55 30  0  0  0  0  0  0  0  0  0  0  0  0  0  0  0  0  0  0 70 70 70  0  0  0  0  0  0  0  0  0  0  0  0  0  0  0  0  0  0  0  0  0  0  0  0  0  0 11 31 55 30 11 11 11 11 11 11 11 11 11 11 11 11 11  0  0  0  0  0  0  0  0  0  0  0 11 70 70 70 11 58 11 50 50 50 50 50 50 50 50 11 59 70 70 70 31 55 30  8  8 11 11 11 11 11 11 11 11 11 11 11 11 11 11 11 11 11 11 11 11 11 11 11  0  0  0  0 13 13 13 62 70 70
62 70 70 70 70 70 70 70 70 70 70 70 70 70 31 55 30  0  0  0  0  0  0  0  0  0  0  0  0  0  0  0  0  0  0 70 70 70  0  0  0 13 11 13  6  6  0 11 11 11 11 11  0  0  0  0  0  0  0  0  0  0  0  0  0 31 55 30 11 11 11 11 11 11 11 11 11 11 11 11 11  0  0  0  0  0  0  0  0  0  0  0 11 70 70 70 11 58 11 50 50 50 50 50 50 50 50 11 59 62 70 70 31 55 30 11 11 95 70 70 70 70 70 70 70 70 70 70 70 70 70 70 70 70 70 70 70 70 70 11  0  0  0  0 13 13 13 70 70 70
70 70 70 70 70 70 70 70 70 70 70 70 70 70 31 55 30  0  0  0  0  0  0  0  0  0  0  0  0  0  0  0  0  0  0 11 98 70 70 70 70 70 70 70 70 70 70 11 11 11 11 11  0  0  0  0  0  0  0  0  0  0  0  0  0 31 55 30 11 98 70 70 70 70 70 70 70 70 70 70 11  0  0  0  0  0  0  0  0  0  0  0 11 70 70 70 11 58 11 50 50 17 50 50 17 50 50 11 59 70 70 70 31 55 30 11 11 70 70 70 70 70 70 70 70 70 70 70 70 70 70 70 70 70 70 70 70 70 70  0  0  0  0  0 13 13 13 70 70 70
70 70 70 70 70 70 70 70 70 70 70 70 70 70 31 55 30  0  0  0  0  0  0  0  0  0  0  0  0  0  0  0  0  0  0  8 70 70 70 70 70 70 70 70 70 70 70 11 11 11 11 11  0  0  0  0  0  0  0  0  0  0  0 61 70 31 55 30 11 70 70 70 70 70 70 70 70 70 70 70 11  0  0  0  0  0  0  0  0  0  0  0 11 70 70 70 11 58 11 50 50 17 50 50 17 50 50 11 59 70 70 70 31 55 30 11 11 70 70 70 70 70 70 70 70 70 70 70 70 70 70 70 70 70 70 70 70 70 70 11  0  0  0  0 13 13 13 70 70 70
70 70 70 70 70 70 70 70 70 70 70 70 70 70 31 55 30  0  0  0  0  0  0  0  0  0  0  0  0  0  0  0  0  0  0  0 70 70 70 70 70 70 70 70 70 70 70 11 11 11 11 11  0  0  0  0  0  0  0  0  0  0  0 70 70 31 55 30 11 70 70 70 70 70 70 70 70 70 70 70  0  0  0  0  0  0  0  0  0  0  0  0 11 70 70 70 11 58 11 50 50 50 50 50 50 50 50 11 59 70 70 70 31 55 30  8  8 70 70 70 70 70 70 70 70 70 70 70 70 70 70 70 70 70 70 70 70 70 70 11  0  0  0  0 13 13 13 70 70 70
70 70 70 70 70 70 70 70 70 70 70 70 70 70 31 55 30  0  0  0  0  0  0  0  0  0  0  0  0  0  0  0  0  0  0  0 70 70 70 70 70 70 70 70 70 70 70 11 11 11 11 11  0  0  0  0  0  0  0  0  0  0  0 70 70 31 55 30 11 70 70 70 70 70 70 70 70 70 70 70 11  0  0  0  0  0  0  0  0  0  0  0 11 70 70 70 11 58 11 50 50 50 50 50 50 50 50 11 59 70 70 70 31 55 30 11 11 70 70 70 70 70 70 70 70 70 70 70 70 70 70 70 70 70 70 70 70 70 70 11  0  0  0  0 13 13 13 62 70 70
62 70 70 70 70 70 70 70 70 70 70 70 70 70 31 55 30  0  0  0  0  0  0  0  0  0  0  0  0  0  0  0  0  0  0 11 70 70 70 70 70 70 70 70 70 70 70 11 11 11 11 11  0  0 13 11 13 13 11 13 11 13 13  0  0 31 55 30 11 70 70 70 70 70 70 70 70 70 70 70 62 70 70  0  0  0  0  0  0 62 70 70 11 62 70 70 11 58 11 50 50 50 50 50 50 50 50 11 59 62 70 70 31 55 30 11 11 70 70 70 70 70 70 70 70 70 70 70 70 70 70 70 70 70 70 70 70 70 70  0  0  0  0  0 13 13 13 70 70 70
70 70 70 70 70 70 70 70 70 70 70 70 70 70 31 55 30  0  0  0  0  0  0  0  0  0  0  0  0  0  0  0  0  0  0 11 70 70 70 70 70 70 70 70 70 70 70 11 11 11 11 11 11 11 97 70 70 70 70 70 70 70 70 70 70 31 55 30 11 70 70 70 70 70 70 70 70 70 70 70 70 70 70  0  0  0  0  0  0 70 70 70 11 70 70 70 11 58 11 50 50 17 50 50 17 50 50 11 59 70 70 70 31 55 30 11 11 70 70 70 70 70 70 70 70 70 70 70 70 70 70 70 70 70 70 70 70 70 70 11  0  0  0  0 13 13 13 70 70 70
70 70 70 11 11 11 11 13 11 11 13 13 13 11 31 55 30  0  0  0  0  0  0  0  0  0  0  0  0  0  0  0  0  0  0 11 70 70 70 70 70 70 70 70 70 70 70 11 11 11 11 11 11 11 70 70 70 70 70 70 70 70 70 70 70 31 55 30 11 70 70 70 70 70 70 70 70 70 70 70 70 70 70  0  0  0  0  0  0 70 70 70 11 70 70 70 11 58 11 50 50 17 50 50 17 50 50 11 59 70 70 70 31 55 30 11 11 70 70 70 70 70 70 70 70 70 70 70 70 70 70 70 70 70 70 70 70 70 70 11  0  0  0  0 13 13 13 70 70 70
70 70 70 11 11 11 11 11 11 11 11 11 11 11 31 55 30  0  0  0  0  0  0  0  0  0  0  0  0  0  0  0  0  0  0 11 70 70 70 70 70 70 70 70 70 70 70 11 11 11 11 11 11 11 70 70 70 70 70 70 70 70 70 70 70 31 55 30 11 70 70 70 70 70 70 70 70 70 70 70 70 70 70  0  0  0  0  0  0 70 70 70 11 70 70 70 11 58 11 50 50 50 50 50 50 50 50 11 59 70 70 70 31 55 30 11 11 70 70 70 70 70 70 70 70 70 70 70 70 70 70 70 70 70 70 70 70 70 70  0  0  0  0  0 13 13 13 70 70 70
70 70 70 11 11 42  4  4  4  4  4  4  4  4 21 55 30  0  0  0  0  0  0  0  0  0  0  0  0  0  0  0  0  0  0 11 70 70 70 70 70 70 70 70 70 70 70  0  0  0 11 11 11 11 70 70 70 70 70 70 70 70 70 70 70 31 55 30 11 70 70 70 70 70 70 70 70 70 70 70 70 70 70  0  0  0  0  0  0 70 70 70 11 70 70 70 11 58 11 50 50 50 50 50 50 50 50 11 59 70 70 70 31 55 30 11 11 11 11 11 31 55 30 11 11 11 11 11 11 11 11 11 11 11 11 11 11 11 11 11  0  0  0  0 13 13 13 62 70 70
62 70 70 11 11 31 55 55 55 55 55 55 55 55 55 55 30  0  0  0  0  0  0  0  0  0  0  0  0  0  0  0  0  0  0 11 70 70 70 70 70 70 70 70 70 70 70  0  0  0 11 11 11 11 70 70 70 70 70 70 70 70 70 70 70 31 55 30 11 70 70 70 70 70 70 70 70 70 70 70  6  6  6  0  0  0  0  0  0  0  0  0 11 62 70 70 11 58 11 50 50 50 50 50 50 50 50 11 59 62 70 70 31 55 23  4  4  4  4  4 21 55 30  0  0  0  0  0  0  0  0 11 11 11 11 11  0  0  0  0  0  0  0  0 13 13 13 70 70 70
70 70 70 11 11 31 55 24  5  5  5  5  5  5  5  5 43  0  0  0  0  0  0  0  0  0  0  0  0  0  0  0  0  0  0 11 70 70 70 70 70 70 70 70 70 70 70  0  0  0 11 11 11 11 70 70 70 70 70 70 70 70 70 70 70 31 55 30 11 70 70 70 70 70 70 70 70 70 70 70 62 70 70  0  0  0  0  0  0 62 70 70 11 70 70 70 11 58 11 50 50 17 50 50 17 50 50 11 59 70 70 70 31 55 55 55 55 55 55 55 55 55 30  0  0  0  0  0  0  0  0 11 11 11 11 11  0  0  0  0  0  0  0  0 13 13 13 70 70 70
70 70 70 11 11 31 55 30 11 11 11 11 11 11 11 13 11  0  0  0  0  0  0  0  0  0  0  0  0  0  0  0  0  0  0 11 70 70 70 70 70 70 70 70 70 70 70  0  0  0 11 11 11 11 70 70 70 70 70 70 70 70 70 70 70 31 55 30 11 70 70 70 70 70 70 70 70 70 70 70 70 70 70  0  0  0  0  0  0 70 70 70 11 70 70 70 11 58 11 50 50 17 50 50 17 50 50 11 59 70 70 70 41  5  5  5  5  5  5  5  5  5 43  0  0  0  0  0  0  0  0 11 11 11 11 11  0  0  0  0  0  0  0  0 13 13 13 70 70 70
70 70 70 11 11 31 55 30 11 11 11 11 13 13 13 13 13 13 13 11 13  6  6  6 13 11 13  6 13  6  6  0  0  0  0 11 70 70 70 70 70 70 70 70 70 70 70  0  0  0 11 11 11 11 70 70 70 70 70 70 70 70 70 70 70 31 55 30 11 70 70 70 70 70 70 70 70 70 70 70 70 70 70  0  0  0  0  0  0 70 70 70 11 70 70 70 11 58 11 50 50 50 50 50 50 50 50 11 59 70 70 70 11 11 11 11 11 11 11 11 11 11 11  0  0  0  0  0  0  0  0 11 11 11 11 11  0  0  0  0  0  0  0  0 13 13 13 70 70 70
70 70 70 96 70 70 70 70 70 70 70 70 70 70 70 70 70 70 70 70 70 70 70 70 70 70 70 70 70 70 70  0  0  0  0  0 70 70 70 70 70 70 70 70 70 70 70  0  0  0 11 11 11 11 70 70 70 70 70 70 70 70 70 70 70 31 55 30 11 70 70 70 70 70 70 70 70 70 70 70 70 70 70  0  0  0  0  0  0 70 70 70 11 70 70 70 11 58 11 50 50 50 50 50 50 50 50 11 59 70 70 70 11 11 11 11 11 11 11 11 11 11 11  0  0  0  0  0  0  0  0 11 11 11 11 11  0  0  0  0  0  0  0  0 13 13 13 62 70 70
62 70 70 70 70 70 70 70 70 70 70 70 70 70 70 70 70 70 70 70 70 70 70 70 70 70 70 70 70 70 70  0  0  0  0  0 70 70 70 70 70 70 70 70 70 70 70 11 11 11 11 11 11 11  0  0 31 55 30 11 11 11 11 11 11 31 55 30 11 70 70 70 70 70 70 70 70 70 70 70 70 70 70  0  0  0  0  0  0 70 70 70 11 62 70 70 11 58 11 50 50 50 50 50 50 50 50 11 59 62 70 70 11 11 11 11 11 11 11 11 11 11 11 11 11 11 11 11 11 11 11 11 11 11 11 11 11 11 11 11 11 11 11 11 11 13 13 70 70 70
70 70 70 70 70 70 70 70 70 70 70 70 70 70 70 70 70 70 70 70 70 70 70 70 70 70 70 70 70 70 70  0  0  0  0  0 70 70 70 70 70 70 70 70 70 70 70 11 61 70 11 61 70 11  0  0 31 55 30  0  0  0 11 11 11 31 55 30 11 70 70 70 70 70 70 70 70 70 70 70 13  0  0  0  0  0  0  0  0  0  0  0 11 70 70 70 11 58 11 50 50 17 50 50 17 50 50 11 59 70 70 70 96 70 70 70 70 70 70 70 70 70 70 70 70 70 70 70 70 70 70 70 70 70 70 70 70 70 70 70 11 11 11 11 11 13 13 70 70 70
70 70 70 70 70 70 70 70 70 70 70 70 70 70 70 70 70 70 70 70 70 70 70 70 70 70 70 70 70 70 70  0  0  0  0  0 70 70 70 70 70 70 70 70 70 70 70 11 70 70 11 70 70 11  0  0 31 55 30  0  0  0 11 11 11 31 55 30 11 70 70 70 70 70 70 70 70 70 70 70 13  0  0  0  0  0  0  0  0 62 70 70 11 70 70 70 11 58 11 50 50 17 50 50 17 50 50 11 59 70 70 70 70 70 70 70 70 70 70 70 70 70 70 70 70 70 70 70 70 70 70 70 70 70 70 70 70 70 70 70 11 11 11 11 11 13 13 70 70 70
70 70 70 70 70 70 70 70 70 70 70 70 70 70 70 70 70 70 70 70 70 70 70 70 70 70 70 70 70 70 70 13 13 11  0  0 70 70 70 70 70 70 70 70 70 70 70 11 70 70 11 70 70 11  0  0 31 55 30  0  0  0 11 11 11 31 55 30 11 70 70 70 70 70 70 70 70 70 70 70 13  0  0  0  0  0  0  0  0 70 70 70 11 70 70 70 11 58 11 50 50 50 50 50 50 50 50 11 59 70 70 70 70 70 70 70 70 70 70 70 70 70 70 70 70 70 70 70 70 70 70 70 70 70 70 70 70 70 70 70 11 11 11 11 11 13 13 70 70 70
70 70 70 70 70 70 70 70 70 70 70 70 70 70 70 70 70 70 70 70 70 70 70 70 70 70 70 70 70 70 70 13 13 11  0  0  0  0 31 55 30  0  0  0  0  0  0 11 11 11 11 11 11 11  0  0 31 55 30  0  0  0 11 11 11 31 55 30 11 11 11 31 55 30 11 11 11 11  0  0 13  0  0  0  0  0  0  0  0 70 70 70 11 70 70 70 11 58 11 50 50 50 50 50 50 50 50 11 59 70 70 70 70 70 70 70 70 70 70 70 70 70 70 70 70 70 70 70 70 70 70 70 70 70 70 70 70 70 70 70  0  0 11 11 11 13 13 62 70 70
62 70 70 70 70 70 70 70 70 70 70 70 70 70 70 70 70 70 70 70 70 70 70 70 70 70 70 70 70 70 70 11 13 11  0  0  0  0 31 55 23  4  4  4  4  4  4  4  4  4  4  4  4  4  4  4 21 55 23  4  4  4  4  4  4 21 55 23  4  4  4 21 55 30 11 11 11 11  0 11 13  0  0  0  0  0  0  0  0 70 70 70 11 62 70 70 11 58 11 50 50 50 50 50 50 50 50 11 59 62 70 70 70 70 70 70 70 70 70 70 70 70 70 70 70 70 70 70 70 70 70 70 70 70 70 70 70 70 70 70  0  0 11 11 11 13 13 70 70 70
70 70 70 70 70 70 70 70 70 70 70 70 70 70 70 70 70 70 70 70 70 70 70 70 70 70 70 70 70 70 70 11 13 11  0  0  0  0 31 55 55 55 55 55 55 55 55 55 55 55 55 55 55 55 55 55 55 55 55 55 55 55 55 55 55 55 55 55 55 55 55 55 55 30 11 11 11 11  0 11 13  0  0  0  0  0  0  0  0 70 70 70 11 70 70 70 11 58 11 50 50 17 50 50 17 50 50 11 59 70 70 70 70 70 70 70 70 70 70 70 70 70 70 70 70 70 70 70 70 70 70 70 70 70 70 70 70 70 70 70  0  0 11 11 11 13 13 70 70 70
70 70 70 70 70 70 70 70 70 70 70 70 70 70 70 70 70 70 70 70 70 70 70 70 70 70 70 70 70 70 70 11 13 13 13 13 13 13 41  5  5  5  5  5  5  5  5  5  5  5  5  5  5  5  5  5  5  5  5  5  5  5  5  5  5  5  5  5  5  5  5  5  5 43 11 11 11 11  0  0 13  0  0  0  0  0  0  0  0  0  0  0 11 70 70 70 11 58 11 50 50 50 50 50 50 50 50 11 59 70 70 70 70 70 70 70 70 70 70 70 70 70 70 70 70 70 70 70 70 70 70 70 70 70 70 70 70 70 70 70  0  0 11 11 11 13 13 70 70 70
70 70 70 70 70 70 70 70 70 70 70 70 70 70 70 70 70 70 70 70 70 70 70 70 70 70 70 70 70 70 70 11 13 13 13 13 13 13 11 11 11 11 11 11 11 11 11 11 11 11 11 11 11 11 11 11 11 11 11 11 11 11 11 11 11 11 11 11 11 11 11 11 11 11 11 11 11 11  0  0 13  0  0  0  0  0  0  0  0  0  0  0 11 70 70 70 11 58 11 50 50 50 50 50 50 50 50 11 59 70 70 70 70 70 70 70 70 70 70 70 70 70 70 70 70 70 70 70 70 70 70 70 70 70 70 70 70 70 70 70  0  0 11 11 11 13 13 70 70 70
70 70 70 70 70 70 70 70 70 70 70 70 70 70 70 70 70 70 70 70 70 70 70 70 70 70 70 70 70 70 70 11  0  0  0  0  0  0  0 11 11 11 11 11 11 11  0  0  0  0  0 11 11 11 11 11 11 11  0  0  0  0  0  0  0  0 11 11 11 11  0  0  0  0  0  0  0  0  0  0  0  0  0  0  0  0  0  0  0  0  0  0 11 70 70 70 11 58 11 50 50 50 50 50 50 50 50 11 59 70 70 70 70 70 70 70 70 70 70 70 70 70 70 70 70 70 70 70 70 70 70 70 70 70 70 70 70 70 70 70  0  0  0  0 13 13 13 62 70 70
62 70 70 70 70 70 70 70 70 70 70 70 70 70 70 70 70 70 70 70 70 70 70 70 70 70 70 70 70 70 70 11  0  0  0  0  0  0  0 11 11 11 11 11 11 11  0  0  0  0  0 11 11 11 11 11 11 11  0  0  0  0  0  0  0  0 11 11 11 11  0  0  0  0  0  0  0  0  0  0  0  0  0  0  0  0  0  0  0  0  0  0 11 62 70 70 11 58 11 50 50 50 50 50 50 50 50 11 59 62 70 70 70 70 70 70 70 70 70 70 70 70 70 70 70 70 70 70 70 70 70 70 70 70 70 70 70 70 70 70  0  0  0  0 13 13 13 70 70 70
70 70 70 70 70 70 70 70 70 70 70 70 70 70 70 70 70 70 70 70 70 70 70 70 70 70 70 70 70 70 70 11  0  0  0  0  0  0  0 11 11 11 11 11 11 11  0  0  0  0  0 11 11 11 11 11 11 11  0  0  0  0  0  0  0  0 11 11 11 11  0  0  0  0  0  0  0  0  0  0  0  0  0  0  0  0  0  0  0  0  0  0 11 70 70 70 11 58 11 50 50 17 50 50 17 50 50 11 59 70 70 70 70 70 70 70 70 70 70 70 70 70 70 70 70 70 70 70 70 70 70 70 70 70 70 70 70 70 70 70  0  0  0  0 13 13 13 70 70 70
70 70 70 70 70 70 70 70 70 70 70 70 70 70 70 70 70 70 70 70 70 70 70 70 70 70 70 70 70 70 70 11  0  0  0  0  0  0  0 11 11 11 11 11 11 11  0  0  0  0  0 11 11 11 11 11 11 11  0  0  0  0  0  0  0  0 11 11 11 11  0  0  0  0  0  0  0  0  0  0  0  0  0  0  0  0  0  0  0  0  0  0 11 70 70 70 11 58 11 50 50 17 50 50 17 50 50 11 59 70 70 70 70 70 70 70 70 70 70 70 70 70 70 70 70 70 70 70 70 70 70 70 70 70 70 70 70 70 70 70  0  0  0  0 13 13 13 70 70 70
70 70 70 70 70 70 70 70 70 70 70 70 70 70 70 70 70 70 70 70 70 70 70 70 70 70 70 70 70 70 70 11  0  0  0  0  0  0  0 11 11 11 11 11 11 11  0  0  0  0  0 11 11 11 11 11 11 11  0  0  0  0  0  0  0  0 11 11 11 11  0  0  0  0  0  0  0  0  0  0  0  0  0  0  0  0  0  0  0  0  0  0 11 70 70 70 11 58 11 50 50 50 50 50 50 50 50 11 59 70 70 70 70 70 70 70 70 70 70 70 70 70 70 70 70 70 70 70 70 70 70 70 70 70 70 70 70 70 70 70  0  0  0  0 13 13 13 70 70 70
70 70 70  0  0  0 11  6  0  0  0  0  0 11 11 11 11 11 11  0  0  0 11 11 11 11 11  6  0  0  0  0  0  0  0  0  0  0  0 11 11 11 11 11 11 11  0  0  0  0  0 11 11 11 11 11 11 11  0  0  0  0  0  0  0  0 11 11 11 11  0  0  0  0  0  0  0  0  0  0  0  0  0  0  0  0  0  0  0  0  0  0 11 70 70 70 11 58 11 50 50 50 50 50 50 50 50 11 59 70 70 70 70 70 70 70 70 70 70 70 70 70 70 70 70 70 70 70 70 70 70 70 70 70 70 70 70 70 70 70  0  0  0  0  0  0  0  0  0  0
62 70 70 62 70 70 62 70 70 62 70 70 62 70 70 62 70 70 62 70 70 62 70 70 62 70 70 62 70 70 62 70 70 62 70 70 62 70 70 62 70 70 62 70 70 62 70 70 62 70 70 62 70 70 62 70 70 62 70 70 62 70 70 62 70 70 62 70 70 62 70 70 62 70 70 62 70 70 62 70 70  0  0  0  0  0  0  0  0  0  0  0 11 62 70 70 11 58 11 50 50 50 50 50 50 50 50 11 59 11 11 11 70 70 70 70 70 70 70 70 70 70 70 70 70 70 70 70 70 70 70 70 70 70 70 70 70 70 70 70  0  0  0  0  0  0  0 62 70 70
70 70 70 70 70 70 70 70 70 70 70 70 70 70 70 70 70 70 70 70 70 70 70 70 70 70 70 70 70 70 70 70 70 70 70 70 70 70 70 70 70 70 70 70 70 70 70 70 70 70 70 70 70 70 70 70 70 70 70 70 70 70 70 70 70 70 70 70 70 70 70 70 70 70 70 70 70 70 70 70 70  0  0  0  0  0  0  0  0  0  0  0  0 70 70 70 11 58 11 50 50 17 50 50 17 50 50 11 59  0  0  0  0  0  0  0  0  0  0  0  0  0  0  0  0  0  0  0 11 11 13 13 11 11 11 11 11 11 13 13 11 11 11  0 11 11 11 70 70 70
70 70 70 70 70 70 70 70 70 70 70 70 70 70 70 70 70 70 70 70 70 70 70 70 70 70 70 70 70 70 70 70 70 70 70 70 70 70 70 70 70 70 70 70 70 70 70 70 70 70 70 70 70 70 70 70 70 70 70 70 70 70 70 70 70 70 70 70 70 70 70 70 70 70 70 70 70 70 70 70 70  0  0  0  0  0  0  0  0  0  0  0  0 70 70 70 11 58 11 50 50 17 50 50 17 50 50 11 59  0 61 70  0 11 61 70  0  0 61 70 11 11 61 70  0  0 61 70 11 11 61 70 11 11 61 70 11 11 61 70 11 11 61 70 11 11 11 70 70 70
70 70 70 70 70 70 70 70 70 70 70 70 70 70 70 70 70 70 70 70 70 70 70 70 70 70 70 70 70 70 70 70 70 70 70 70 70 70 70 70 70 70 70 70 70 70 70 70 70 70 70 70 70 70 70 70 70 70 70 70 70 70 70 70 70 70 70 70 70 70 70 70 70 70 70 70 70 70 70 70 70 11 11 11 11 11 11 11 11 11 11 11 11 70 70 70 11 58 11 50 50 50 50 50 50 50 50 11 59  0 70 70  0 11 70 70  0  0 70 70 11 11 70 70  0  0 70 70 11 11 70 70 11 11 70 70 11 11 70 70 11 11 70 70 11 11 11 70 70 70
70 70 70 70 70 70 70 70 70 70 70 70 70 70 70 70 70 70 70 70 70 70 70 70 70 70 70 70 70 70 70 70 70 70 70 70 70 70 70 70 70 70 70 70 70 70 70 70 70 70 70 70 70 70 70 70 70 70 70 70 70 70 70 70 70 70 70 70 70 70 70 70 70 70 70 70 70 70 70 70 70 11 11 11 11 11 11 11 11 11 11 11 11 70 70 70 11 58 11 50 50 50 50 50 50 50 50 11 59  0 70 70  0  0 70 70  0  0 70 70 11 11 70 70  0  0 70 70 11 11 70 70 11 11 70 70 11 11 70 70 11 11 70 70 11 11 11 70 70 70
