 0 1 2 0 1 2 0 1 2 0 1 2 0 1 2 0 1 2 0 1 2 0 1 2 0 1 2 0 1 2 4 0 0 5 9 0 1 2 0 1 2 0 1 2 0 1 2 0 1 2 0 1 2 0 1 2 0 1 2 0 1 2 0 1
 3 4 5 3 4 5 3 4 5 3 4 5 3 4 5 3 4 5 3 4 5 3 4 5 3 4 5 3 4 5 4 0 0 5 9 3 4 5 3 4 5 3 4 5 3 4 5 3 4 5 3 4 5 3 4 5 3 4 5 3 4 5 3 4
 6 7 8 6 7 8 6 7 8 6 7 8 6 7 8 6 7 8 6 7 8 6 7 8 6 7 8 6 7 8 4 0 0 5 9 6 7 8 6 7 8 6 7 8 6 7 8 6 7 8 6 7 8 6 7 8 6 7 8 6 7 8 6 7
 91011 9 10 11 9 10 11 9 10 11 9 10 11 9 10 11 9 10 11 9 10 11 9 10 11 9 10 11 4 0 0 5 9 9 10 11 9 10 11 9 10 11 9 10 11 910 11 9 10 11 9 10 11 9 10 11 9 10 11 9 10
121314 12 13 14 12 13 14 12 13 14 12 13 14 12 13 14 12 13 14 12 13 14 12 13 14 12 13 14 4 0 0 5 912 13 14 12 13 14 12 13 14 12 13 141213 14 12 13 14 12 13 14 12 13 14 12 13 14 12 13
 7 7 7 7 7 7 7 7 7 7 7 7 7 7 7 7 7 7 7 7 7 7 7 7 7 7 7 7 7 7 2 0 0 8 7 7 7 7 7 7 7 7 7 7 7 7 7 7 7 7 7 7 7 7 7 7 7 7 7 7 7 7 7 7
 0 0 0 0 0 0 0 0 0 0 0 0 0 0 0 0 0 0 0 0 0 0 0 0 0 0 0 0 0 0 0 6 6 0 0 0 0 0 0 0 0 0 0 0 0 0 0 0 0 0 0 0 0 0 0 0 0 0 0 0 0 0 0 0
 0 0 0 14 14 0 0 0 14 14 0 0 0 14 14 0 0 0 14 14 0 0 0 14 14 0 0 0 14 14 0 6 6 01414 0 0 14 14 0 0 0 14 14 0 0 014 14 0 0 0 14 14 0 0 0 14 14 0 0 0 14
 0 0 0 0 0 0 0 0 0 0 0 0 0 0 0 0 0 0 0 0 0 0 0 0 0 0 0 0 0 0 0 6 6 0 0 0 0 0 0 0 0 0 0 0 0 0 0 0 0 0 0 0 0 0 0 0 0 0 0 0 0 0 0 0
 0 0 0 0 0 0 0 0 0 0 0 0 0 0 0 0 0 0 0 0 0 0 0 0 0 0 0 0 0 0 0 6 6 0 0 0 0 0 0 0 0 0 0 0 0 0 0 0 0 0 0 0 0 0 0 0 0 0 0 0 0 0 0 0
 0 0 0 0 0 0 0 0 0 0 0 0 0 0 0 0 0 0 0 0 0 0 0 0 0 0 0 0 0 0 0 6 6 0 0 0 0 0 0 0 0 0 0 0 0 0 0 0 0 0 0 0 0 0 0 0 0 0 0 0 0 0 0 0
 0 0 0 14 14 0 0 0 14 14 0 0 0 14 14 0 0 0 14 14 0 0 0 14 14 0 0 0 14 14 0 6 6 01414 0 0 14 14 0 0 0 14 14 0 0 014 14 0 0 0 14 14 0 0 0 14 14 0 0 0 14
 0 0 0 0 0 0 0 0 0 0 0 0 0 0 0 0 0 0 0 0 0 0 0 0 0 0 0 0 0 0 0 6 6 0 0 0 0 0 0 0 0 0 0 0 0 0 0 0 0 0 0 0 0 0 0 0 0 0 0 0 0 0 0 0
 9 911 11 11 11 11 11 11 11 11 11 11 11 11 11 11 11 11 11 11 11 11 11 11 11 11 11 11 11 4 0 0 511 9 9 9 9 11 11 11 11 11 11 11 111111 11 11 11 11 11 11 11 11 11 11 11 11 11 11 11
 0 1 0 1 0 1 0 1 0 1 0 1 0 1 0 1 0 1 0 1 0 1 0 1 0 1 0 1 0 1 4 0 0 5 0 1 0 1 0 1 0 1 0 1 0 1 0 1 0 1 0 1 0 1 0 1 0 1 0 1 0 1 0 1
 2 3 2 3 2 3 2 3 2 3 2 3 2 3 2 3 2 3 2 3 2 3 2 3 2 3 2 3 2 3 4 0 0 5 2 3 2 3 2 3 2 3 2 3 2 3 2 3 2 3 2 3 2 3 2 3 2 3 2 3 2 3 2 3
 4 5 4 5 4 5 4 5 4 5 4 5 4 5 4 5 4 5 4 5 4 5 4 5 4 5 4 5 4 5 4 0 0 5 4 5 4 5 4 5 4 5 4 5 4 5 4 5 4 5 4 5 4 5 4 5 4 5 4 5 4 5 4 5
 1 1 1 1 1 1 1 1 1 1 1 1 1 1 1 1 1 1 1 1 1 1 1 1 1 1 1 1 1 1 2 0 0 8 7 7 7 7 7 7 7 7 7 7 7 7 7 7 7 7 7 7 7 7 7 7 7 7 7 7 7 7 7 7
111111 0 1 2 3 4 5 6 7 8 9 10 11 11 11 0 1 2 3 4 5 6 7 8 9 10 11 0 4 0 0 5 0 0 1 2 3 4 5 6 7 8 9 10 111111 11 9 9 11 11 11 9 9 9 9 9 0 1 2 3
111111 12 13 14 15 16 17 18 19 20 21 22 23 11 11 12 13 14 15 16 17 18 19 20 21 22 23 0 4 0 0 5 012 13 14 15 16 17 18 19 20 21 22 2311 0 0 0 0 0 0 0 0 0 0 0 11 22 23 24 25
 0 1 2 24 25 26 27 28 29 30 31 32 33 34 35 13 13 24 25 26 27 28 29 30 31 32 33 34 35 0 4 0 0 5 024 25 26 27 28 29 30 31 32 33 34 4711 0 0 0 0 0 0 0 0 0 0 0 11 44 45 46 47
 3 4 5 36 37 38 39 40 41 42 43 44 45 46 47 11 11 36 37 38 39 40 41 42 43 44 45 46 47 0 4 0 0 5 024 45 45 45 45 45 45 45 45 45 45 4711 0 0 0 0 0 0 0 0 0 0 0 11 66 67 68 69
 6 7 8 48 49 50 51 52 53 54 55 56 57 58 59 11 11 48 49 50 51 52 53 54 55 56 57 58 59 0 4 0 0 5 048 49 50 51 52 53 54 55 56 57 58 5911 0 0 0 0 0 0 0 0 0 0 0 9 88 89 90 91
 91011 60 61 62 63 64 65 66 67 68 69 70 71 0 1 60 61 62 63 64 65 66 67 68 69 70 71 0 4 0 0 5 060 61 62 63 64 65 66 67 68 69 70 7111 0 0 0 0 0 0 0 0 0 0 0 11110111112113
121314 72 73 74 75 76 77 78 79 80 81 82 83 2 3 72 73 74 75 76 77 78 79 80 81 82 83 0 4 0 0 5 072 73 74 75 76 77 78 79 80 81 82 8311 0 0 0 0 0 0 0 0 0 0 0 11132133134135
 0 1 2 11 11 1 0 0 11 11 11 11 11 11 11 4 5 11 11 1 0 0 13 13 13 13 13 13 13 0 0 0 0 0 0 0 0 1 0 0 9 9 9 9 9 9 9 9 0 0 0 0 0 0 0 0 0 0 0 11154155156157
 3 4 5 11 11 1 0 3 4 4 4 4 4 4 4 4 4 4 4 2 0 3 4 4 4 4 4 4 4 4 4 0 0 4 4 4 4 2 0 3 4 4 4 4 4 4 4 4 4 4 4 4 4 4 3 11 11 9 9 11176177178179
 6 7 8 11 11 1 0 0 0 0 0 0 0 0 0 0 0 0 0 0 0 0 0 0 0 0 0 0 0 0 0 0 0 0 0 0 0 0 0 0 0 0 0 0 0 0 0 0 0 0 0 0 0 0 0 11 11 9 11 11 9 9 9 9
 91011 11 11 2 5 5 5 5 5 5 5 5 0 0 1 5 5 5 5 5 5 5 5 5 5 5 5 5 5 5 5 0 0 1 5 5 5 5 5 5 5 5 5 5 5 5 5 5 5 5 0 0 0 0 1 11 11 11 11 11 11 11
121314 11 11 11 11 11 11 11 11 11 11 11 1 0 0 0 0 0 0 0 0 0 0 0 0 0 0 0 0 0 0 1 0 0 3 0 0 0 0 0 0 0 0 0 0 8 0 0 0 8 1 0 0 2 3 11 11 11 11 11 11 11
 0 1 2 0 1 2 3 4 5 6 7 8 9 10 1 0 0 0 0 0 0 0 0 0 0 0 0 0 0 0 0 0 0 1 0 0 0 1 2 3 4 5 6 7 8 9 10 911 11 0 1 1 0 0 4 5 11 11 11 11 11 11 11
 3 4 5 11 12 13 14 15 16 17 18 19 20 21 1 0 0 0 0 0 0 0 0 0 0 0 0 0 0 0 0 0 0 1 0 0 11 12 13 14 15 16 17 18 19 20 21 911 11 2 3 1 0 3 4 4 4 4 4 4 4 4 4
 6 7 8 22 23 24 25 26 27 28 29 30 31 32 1 0 0 0 0 0 0 0 0 0 0 0 0 0 0 0 0 0 0 1 0 0 22 23 24 25 26 27 28 29 30 31 32 911 11 4 5 1 0 0 0 0 0 0 0 0 0 0 0
 91011 33 34 35 36 37 38 39 40 41 42 43 1 0 0 0 0 0 0 0 0 0 0 0 0 0 0 0 0 0 0 1 0 0 33 34 35 36 37 38 39 40 41 42 43 911 11 11 11 2 5 5 5 5 5 5 5 5 5 5 5
121314 44 45 46 47 48 49 50 51 52 53 54 1 0 0 0 0 0 0 0 0 0 0 0 0 0 0 0 0 0 0 1 0 0 44 45 46 47 48 49 50 51 52 53 54 911 0 0 0 0 0 0 0 0 0 0 0 9 9 9 9
 0 1 2 55 56 57 58 59 60 61 62 63 64 65 1 0 0 0 0 0 0 0 0 0 0 0 0 0 0 0 0 0 0 1 0 0 55 56 57 58 59 60 61 62 63 64 65 911 0 0 0 0 0 0 0 0 0 0 0 11 11 11 11
 3 4 5 66 67 68 69 70 71 72 73 74 75 76 1 0 0 0 0 0 0 0 0 0 0 0 0 0 0 0 0 0 0 1 0 0 66 67 68 69 70 71 72 73 74 75 76 911 0 0 0 0 0 0 0 0 0 0 0 11 11 11 11
 6 7 8 77 78 79 80 81 82 83 84 85 86 87 1 0 0 0 0 0 0 0 0 0 0 0 0 0 0 0 0 0 0 1 0 0 77 78 79 80 81 82 83 84 85 86 87 911 0 0 0 0 0 0 0 0 0 0 0 9 9 11 11
 91011 88 89 90 91 92 93 94 95 96 97 98 1 0 0 0 0 0 0 0 0 0 0 0 0 0 0 0 0 0 0 1 0 0 88 89 90 91 92 93 94 95 96 97 98 9 9 0 0 0 0 0 0 0 0 0 0 0 11 9 11 9
121314 99100101102103104105106107108109 1 0 0 0 0 0 0 0 0 0 0 0 0 0 0 0 0 0 0 1 0 0 9910010110210310410510610710810911 9 0 0 0 0 0 0 0 0 0 0 0 9 11 9 11
 0 1 2110111112113114115116117118119120 1 0 0 0 0 0 0 0 0 0 0 0 0 0 0 0 0 0 0 1 0 0110111112113114115116117118119120 911 0 0 0 0 0 0 0 0 0 0 0 11 9 11 11
 3 4 5121122123124125126127128129130131 1 0 0 11 11 6 11 0 0 11 6 11 0 0 0 11 611 0 1 0 0121122123124125126127128129130131 9 9 11 11 11 11 9 9 11 11 11 9 9 9 11 11 11
 6 7 8132133134135136137138139140141142 1 0 0 11 11 11 11 11 11 11 11 11 11 11 11 11 1111 6 1 0 013213313413513613713813914014114211 6 4 4 4 4 4 4 4 4 4 4 4 4 4 4 4
 91011143144145146147148149150151152153 1 0 0 11 11 0 0 0 0 0 8 8 11 11 11 11 611 6 1 0 014314414514614714814915015115215311 1 0 0 0 0 0 0 0 0 0 0 0 0 0 0 0
121314154155156157158159160161162163164 1 0 0 11 11 0 0 0 0 0 2 0 0 0 0 11 111111 1 0 015415515615715815916016116216316411 1 0 1 5 5 5 5 5 5 5 5 5 5 5 5 5
 0 1 2165166167168169170171172173174175 1 0 0 13 13 0 0 0 0 0 11 6 0 0 11 13 111113 1 0 016516616716816917017117217317417511 1 0 0 11 11 11 11 11 9 9 9 9 9 9 9 9
 3 4 5176177178179180181182183184185186 1 0 0 11 11 0 0 0 0 0 0 6 9 0 11 0 01111 1 0 017617717817918018118218318418518611 1 0 0 11 0 0 0 0 0 0 0 0 0 0 0 0
 6 7 8187188189190191192193194195196197 1 0 0 11 11 6 6 6 6 6 0 11 0 0 0 0 0 011 1 0 018718818919019119219319419519619711 1 0 0 11 0 0 0 0 0 0 0 0 0 0 0 0
 91011 13 13 1 0 0 13 13 13 13 13 13 1 0 0 11 11 13 13 13 13 13 11 6 11 11 11 11 1111 8 1 0 3 4 4 2 0 3 4 4 4 4 4 4 4 2 0 0 11 0 0 0 0 0 0 0 0 0 0 0 0
121314 0 1 1 0 3 4 4 4 4 4 4 2 0 0 11 11 13 13 13 13 13 11 6 11 11 11 11 1111 0 1 0 0 0 0 0 0 0 0 0 0 0 0 0 0 0 0 0 11 0 0 0 0 0 0 0 0 0 0 0 0
 0 1 2 2 3 1 0 0 0 0 0 0 0 0 0 0 0 13 13 13 13 13 13 9 9 9 9 0 0 0 0 0 0 2 5 5 5 5 5 5 5 5 5 5 5 5 5 5 5 5 7 11 0 0 0 0 0 0 0 0 0 0 0 0
 3 4 5 4 5 2 5 5 5 5 5 5 5 5 0 0 0 0 0 0 0 0 0 0 0 0 0 0 0 0 0 0 0 0 0 0 1 2 0 0 0 0 0 0 0 0 0 011 0 1 2 3 4 5 6 7 8 9 10 11 12 13 14
 6 7 8 13 13 13 13 13 13 13 13 13 13 13 1 0 0 0 0 0 0 0 0 0 0 0 0 0 0 0 0 0 0 0 0 3 4 5 0 0 0 0 0 0 0 0 0 0 8 22 23 24 25 26 27 28 29 30 31 32 33 34 35 36
 91011 13 13 6 6 6 6 6 6 6 6 6 1 0 0 0 0 0 0 0 0 0 0 0 0 0 0 0 0 0 0 0 0 6 7 8 0 0 0 0 0 0 0 0 0 0 0 44 45 46 47 48 49 50 51 52 53 54 55 56 57 58
121314 0 1 2 3 4 5 6 7 8 9 10 1 0 0 0 0 0 0 0 0 0 0 0 0 0 0 0 0 0 0 0 0 9 10 11 0 0 0 0 0 0 0 0 0 0 0 66 67 68 69 70 71 72 73 74 75 76 77 78 79 80
 0 1 2 11 12 13 14 15 16 17 18 19 20 21 1 0 0 0 0 0 0 0 0 0 0 0 3 0 0 0 0 0 0 0 012 13 14 0 0 0 0 0 0 0 0 0 0 0 88 89 90 91 92 93 94 95 96 97 98 99100101102
 3 4 5 22 23 24 25 26 27 28 29 30 31 32 1 0 0 0 0 0 0 0 0 0 0 0 0 0 0 0 0 0 0 0 0 0 1 2 0 0 0 0 0 0 0 0 0 011110111112113114115116117118119120121122123124
 6 7 8 33 34 35 36 37 38 39 40 41 42 43 1 0 0 0 0 0 0 0 0 0 0 0 0 0 0 0 0 0 0 0 0 3 4 5 0 0 0 0 0 0 0 0 0 011132133134135136137138139140141142143144145146
 91011 44 45 46 47 48 49 50 51 52 53 54 1 0 0 0 0 0 0 0 0 0 0 0 0 0 0 0 0 0 0 0 0 6 7 8 0 0 0 0 0 0 0 0 0 011154155156157158159160161162163164165166167168
121314 55 56 57 58 59 60 61 62 63 64 65 1 0 0 0 0 0 0 0 0 0 0 0 0 0 0 0 0 0 0 0 0 9 10 11 0 0 0 0 0 0 0 0 0 011176177178179180181182183184185186187188189190
 0 1 2 66 67 68 69 70 71 72 73 74 75 76 1 0 0 0 0 0 0 0 0 0 0 0 0 0 0 0 0 0 0 0 012 13 14 0 6 0 11 11 11 6 0 0 011 0 6 0 0 0 0 0 11 0 6 0 0 0 0 0
 3 4 5 77 78 79 80 81 82 83 84 85 86 87 1 0 0 0 0 0 0 0 0 0 0 0 0 0 0 0 0 0 0 0 0 0 1 2 0 0 11 11 6 11 6 6 0 0 8 0 0 0 0 0 0 0 0 0 0 0 0 0 0 0
 6 7 8 88 89 90 91 92 93 94 95 96 97 98 1 0 0 0 0 0 0 0 0 0 0 0 0 0 0 0 0 0 0 0 0 3 4 5 0 0 0 11 11 11 11 11 0 0 6 0 0 0 0 0 0 0 0 0 0 0 0 0 0 0
 91011 99100101102103104105106107108109 1 0 0 0 0 0 0 0 0 0 0 0 0 0 0 0 0 0 0 0 0 6 7 8 0 0 8 13 11 11 13 6 0 6 6 0 0 0 0 0 0 0 0 0 0 0 0 0 0 0
121314110111112113114115116117118119120 1 0 0 0 0 0 0 0 0 0 0 0 0 0 0 0 0 0 0 0 0 9 10 11 0 8 8 13 13 6 6 11 811 6 0 0 0 0 0 0 0 0 0 0 0 0 0 0 0
 0 1 2121122123124125126127128129130131 1 0 0 0 0 0 0 0 0 0 0 0 0 0 0 0 0 0 0 0 012 13 14 5 2 0 13 11 13 6 6 21111 0 0 0 0 0 0 0 0 0 0 0 0 0 0 0
 3 4 5132133134135136137138139140141142 1 0 0 0 0 0 0 0 0 0 0 0 0 0 0 0 0 0 0 0 011 0 1 2 3 4 5 6 7 8 9 1011 6 0 0 0 0 0 0 0 0 0 0 0 0 0 0 0
 6 7 8143144145146147148149150151152153 1 0 0 0 0 0 0 0 0 0 0 0 0 0 0 0 0 0 0 0 0 8 11 12 13 14 15 16 17 18 19 20 211111 0 0 0 0 0 0 0 0 0 0 0 0 0 0 0
 91011154155156157158159160161162163164 1 0 0 0 0 0 0 0 0 0 0 0 0 0 0 0 0 0 0 0 0 0 22 23 24 25 26 27 28 29 30 31 321311 0 0 0 0 0 0 0 0 0 0 0 0 0 0 0
121314165166167168169170171172173174175 1 0 0 0 0 0 0 0 0 0 0 0 0 0 0 0 0 0 0 0 0 0 33 34 35 36 37 38 39 40 41 42 431313 0 0 0 0 0 0 0 0 0 0 0 0 0 0 0
 0 1 2176177178179180181182183184185186 1 0 0 0 0 0 0 0 0 0 0 0 0 0 0 0 0 0 0 0 011 44 45 46 47 48 49 50 51 52 53 541311 13 6 6 2 0 13 11 13 13 11 13 6 6 2 0
 3 4 5187188189190191192193194195196197 1 0 0 0 0 0 0 0 0 0 0 0 0 0 0 0 0 0 0 0 011 55 56 57 58 59 60 61 62 63 64 65 611 6 11 11 11 6 0 1 2 3 4 5 6 7 8 9
 6 7 8 8 0 8 6 13 11 0 8 6 13 11 1 0 0 0 0 0 0 0 0 0 0 0 0 0 0 0 0 0 0 0 011 66 67 68 69 70 71 72 73 74 75 76 6 6 6 6 6 11 6 11 12 13 14 15 16 17 18 19 20
 91011 6 0 6 0 0 6 0 6 0 0 6 1 0 0 0 0 0 0 0 0 0 0 0 0 0 0 0 0 0 0 0 011 77 78 79 80 81 82 83 84 85 86 8711 6 11 6 11 11 11 22 23 24 25 26 27 28 29 30 31
121314 8 6 6 4 4 4 4 4 4 4 4 2 0 0 0 0 0 0 0 0 0 0 0 0 0 0 0 0 0 0 0 0 8 88 89 90 91 92 93 94 95 96 97 98 0 0 0 13 6 11 13 33 34 35 36 37 38 39 40 41 42
 0 1 2 6 0 1 0 0 0 0 0 0 0 0 0 0 0 0 0 0 0 0 0 0 0 0 0 0 0 0 0 0 0 0 0 0 99100101102103104105106107108109 0 0 0 13 6 6 6 44 45 46 47 48 49 50 51 52 53
 3 4 5 0 1 1 0 1 5 5 5 5 5 5 5 5 7 0 0 0 0 0 0 0 0 0 0 0 0 0 1 0 1 0 0 1110111112113114115116117118119120 0 0 0 13 11 6 6 55 56 57 58 59 60 61 62 63 64
 6 7 8 2 3 1 0 0 6 6 6 6 6 6 6 6 6 0 0 0 0 0 0 0 0 0 0 0 0 2 3 2 3 0 2 3121122123124125126127128129130131 0 0 0 11 11 11 6 66 67 68 69 70 71 72 73 74 75
 91011 4 5 1 0 0 6 6 6 6 6 6 6 6 6 6 6 11 13 6 6 2 13 11 13 6 13 4 5 4 5 8 4 5132133134135136137138139140141142 0 0 0 6 6 11 6 77 78 79 80 81 82 83 84 85 86
121314 0 1 2 3 4 5 6 7 8 9 10 11 12 13 14 15 16 17 18 19 20 21 22 23 24 25 26 27 0 0 2 0 0143144145146147148149150151152153 0 0 0 6 11 11 11 88 89 90 91 92 93 94 95 96 97
 0 1 2 28 29 30 31 32 33 34 35 36 37 38 39 40 41 42 43 44 45 46 47 48 49 50 51 52 53 54 55 0 011 0 0154155156157158159160161162163164 0 1 2 13 0 1 2 0 0 1 0 0 11 11 13 11 6
 3 4 5 56 57 58 59 60 61 62 63 64 65 66 67 68 69 70 71 72 73 74 75 76 77 78 79 80 81 82 83 0 0 0 0 0165166167168169170171172173174175 3 4 5 13 3 4 5 0 0 1 0 0 0 0 0 0 0
 6 7 8 84 85 86 87 88 89 90 91 92 93 94 95 96 97 98 99100101102103104105106107108109110111 6 6 0 0 0176177178179180181182183184185186 6 7 8 13 6 7 8 0 0 1 0 0 0 0 0 0 0
 91011112113114115116117118119120121122123124125126127128129130131132133134135136137138139131311 0 0187188189190191192193194195196197 910 11 6 9 10 11 0 0 1 0 0 11 13 11 6 6
121314140141142143144145146147148149150151152153154155156157158159160161162163164165166167131311 0 0 0 0 1 0 0 0 0 0 0 0 01213 14 0 12 13 14 0 0 1 0 0 13 6 6 11 8
 0 1 2168169170171172173174175176177178179180181182183184185186187188189190191192193194195111311 0 0 0 0 1 0 3 4 4 4 4 4 4 4 4 4 4 4 4 4 4 4 2 0 3 4 4 4 4 4
 3 4 5196197198199200201202203204205206207208209210211212213214215216217218219220221222223111311 0 0 0 0 1 0 0 0 0 0 0 0 0 0 0 0 0 0 0 0 0 0 0 0 0 0 0 0 0 0
 6 7 8224225226227228229230231232233234235236237238239240241242243244245246247248249250251111313 6 6 11 8 2 5 5 5 5 5 5 5 5 5 5 5 5 5 5 5 5 5 5 5 5 5 5 5 5 5
 91011252253254255256257258259260261262263264265266267268269270271272273274275276277278279111311 611 13 11 6 6 6 0 0 0 0 0 111111 11 11 11 6 0 0 0 0 0 11 11 11 11 11 11
12131428028128228328428528628728828929029129229329429529629729829930030130230330430530630711 0 0 0 0 0 0 0 0 0 0 0 0 0 0 0 0 0 0 0 0 0 0 0 0 0 6 3 6 3 11 11 6
 0 1 230830931031131231331431531631731831932032132232332432532632732832933033133233333433511 0 0 0 0 0 0 0 0 0 0 0 0 0 0 0 0 0 0 0 0 0 0 0 0 0 5 0 0 11 0 1 11
 3 4 533633733833934034134234334434534634734834935035135235335435535635735835936036136236311 0 0 0 0 0 0 0 0 0 0 0 0 0 0 0 0 0 0 0 0 0 0 6 0 0 5 0 11 11 2 3 11
 6 7 836436536636736836937037137237337437537637737837938038138238338438538638738838939039111 0 0 0 0 0 0 0 0 0 0 0 0 0 0 0 0 0 0 0 0 0 0 6 6 0 5 0 8 8 4 5 8
 9101139239339439539639739839940040140240340440540640740840941041141241341441541641741841911 0 0 0 0 0 0 0 0 0 0 0 0 0 0 0 0 0 0 0 0 0 0 11 11 0 5 0 0 0 0 0 0
121314 0 0 0 11 6 0 0 0 0 0 11 11 11 11 11 11 0 0 0 11 11 11 11 11 6 0 0 0 0 0 0 0 0 0 0 0 0 0 0 0 0 0 0 0 0 0 0 0 0 0 0 13 6 0 6 3 6 3 0 0 6
 0 1 2 0 1 2 0 1 2 0 1 2 0 1 2 0 1 2 0 1 2 0 1 2 0 1 2 0 1 2 0 1 2 0 1 2 0 1 2 0 1 2 0 1 2 0 1 2 0 1 2 0 1 2 0 1 2 0 1 2 0 1 2 0
 3 4 5 3 4 5 3 4 5 3 4 5 3 4 5 3 4 5 3 4 5 3 4 5 3 4 5 3 4 5 3 4 5 3 4 5 3 4 5 3 4 5 3 4 5 3 4 5 3 4 5 3 4 5 3 4 5 3 4 5 3 4 5 3
 6 7 8 6 7 8 6 7 8 6 7 8 6 7 8 6 7 8 6 7 8 6 7 8 6 7 8 6 7 8 6 7 8 6 7 8 6 7 8 6 7 8 6 7 8 6 7 8 6 7 8 6 7 8 6 7 8 6 7 8 6 7 8 6
 91011 9 10 11 9 10 11 9 10 11 9 10 11 9 10 11 9 10 11 9 10 11 9 10 11 9 10 11 91011 91011 9 10 11 9 10 11 9 10 11 9 1011 9 10 11 9 10 11 9 10 11 9 10 11 9 10 11 9
121314 12 13 14 12 13 14 12 13 14 12 13 14 12 13 14 12 13 14 12 13 14 12 13 14 12 13 14 121314121314 12 13 14 12 13 14 12 13 14 12 131412 13 14 12 13 14 12 13 14 12 13 14 12 13 14 12
